10.776889 106.700806
10.782200 106.694800
10.788900 106.682100
10.793300 106.668700
10.801100 106.660000
10.807200 106.654800
10.814600 106.649500
10.820500 106.640100
10.825900 106.635000
10.832300 106.631500
10.839900 106.625700
10.844700 106.618900
10.849800 106.611300
10.854100 106.604400
10.858900 106.597900
10.863300 106.591300
10.867800 106.584700
10.872500 106.578200
10.876900 106.571800
10.880400 106.564300
10.883600 106.557400
10.886700 106.550100
10.889800 106.543000
10.892700 106.536200
10.895200 106.530000
